1 (systemd) S 0 1 1 0 -1 4194560 84421 2540919 237 40938 79 174 2551 1529 20 0 1 0 4 171507712 2567 18446744073709551615 94797374324736 94797375238589 140725804690848 0 0 0 671173123 4096 1260 1 0 0 17 0 0 0 0 0 0 94797375635088 94797375955228 94797395484672 140725804699421 140725804699432 140725804699432 140725804699629 0
10 (mm_percpu_wq) I 2 0 0 0 -1 69238880 0 0 0 0 0 0 0 0 0 -20 1 0 15 0 0 18446744073709551615 0 0 0 0 0 0 0 2147483647 0 1 0 0 17 0 0 0 0 0 0 0 0 0 0 0 0 0 0
106 (kstrp) I 2 0 0 0 -1 69238880 0 0 0 0 0 0 0 0 0 -20 1 0 70 0 0 18446744073709551615 0 0 0 0 0 0 0 2147483647 0 1 0 0 17 0 0 0 0 0 0 0 0 0 0 0 0 0 0
109 (zswap-shrink) I 2 0 0 0 -1 69238880 0 0 0 0 0 0 0 0 0 -20 1 0 72 0 0 18446744073709551615 0 0 0 0 0 0 0 2147483647 0 1 0 0 17 0 0 0 0 0 0 0 0 0 0 0 0 0 0
11 (rcu_tasks_rude_) S 2 0 0 0 -1 2129984 0 0 0 0 0 0 0 0 20 0 1 0 15 0 0 18446744073709551615 0 0 0 0 0 0 0 2147483647 0 1 0 0 17 0 0 0 0 0 0 0 0 0 0 0 0 0 0
110 (kworker/u3:0) I 2 0 0 0 -1 69238880 0 0 0 0 0 0 0 0 0 -20 1 0 72 0 0 18446744073709551615 0 0 0 0 0 0 0 2147483647 0 1 0 0 17 0 0 0 0 0 0 0 0 0 0 0 0 0 0
115 (charger_manager) I 2 0 0 0 -1 69238880 0 0 0 0 0 0 0 0 0 -20 1 0 74 0 0 18446744073709551615 0 0 0 0 0 0 0 2147483647 0 1 0 0 17 0 0 0 0 0 0 0 0 0 0 0 0 0 0
12 (rcu_tasks_trace) S 2 0 0 0 -1 2129984 0 0 0 0 0 0 0 0 20 0 1 0 15 0 0 18446744073709551615 0 0 0 0 0 0 0 2147483647 0 1 0 0 17 0 0 0 0 0 0 0 0 0 0 0 0 0 0
13 (ksoftirqd/0) S 2 0 0 0 -1 69238848 0 0 0 0 0 49 0 0 20 0 1 0 15 0 0 18446744073709551615 0 0 0 0 0 0 0 2147483647 0 1 0 0 17 0 0 0 0 0 0 0 0 0 0 0 0 0 0
1366 (docker-proxy) S 755 755 755 0 -1 1077936384 320 0 33 0 0 0 0 0 20 0 5 0 2587 1025314816 373 18446744073709551615 94081677869056 94081678659845 140732873394688 0 0 0 1002060288 0 2143420159 0 0 0 17 0 0 0 0 0 0 94081678823152 94081679624576 94081705766912 140732873399937 140732873400049 140732873400049 140732873400290 0
1372 (docker-proxy) S 755 755 755 0 -1 1077936384 350 0 0 0 0 0 0 0 20 0 6 0 2589 1100816384 436 18446744073709551615 94324845604864 94324846395653 140732783348976 0 0 0 1002060288 0 2143420159 0 0 0 17 0 0 0 0 0 0 94324846558960 94324847360384 94324873400320 140732783357574 140732783357681 140732783357681 140732783357922 0
1388 (docker-proxy) S 755 755 755 0 -1 1077936384 346 0 0 0 0 0 0 0 20 0 5 0 2602 1025314816 438 18446744073709551615 94259574366208 94259575156997 140725335497264 0 0 0 1002060288 0 2143420159 0 0 0 17 0 0 0 0 0 0 94259575320304 94259576121728 94259591946240 140725335502465 140725335502577 140725335502577 140725335502818 0
1394 (docker-proxy) S 755 755 755 0 -1 1077936384 351 0 0 0 0 0 0 0 20 0 6 0 2605 1100816384 454 18446744073709551615 94263153385472 94263154176261 140735758848496 0 0 0 1002060288 0 2143420159 0 0 0 17 0 0 0 0 0 0 94263154339568 94263155140992 94263162335232 140735758855814 140735758855921 140735758855921 140735758856162 0
14 (rcu_sched) I 2 0 0 0 -1 2129984 0 0 0 0 134 0 0 0 20 0 1 0 15 0 0 18446744073709551615 0 0 0 0 0 0 0 2147483647 0 1 0 0 17 0 0 0 0 0 0 0 0 0 0 0 0 0 0
1465 (containerd-shim) S 1 1465 629 0 -1 1077936128 2053 11371 428 566 115 3 5 8 20 0 12 0 2642 729497600 790 18446744073709551615 4194304 8722262 140727427134704 0 0 0 1002055680 0 2143420159 0 0 0 17 0 0 0 0 0 0 13590528 13773072 45486080 140727427141096 140727427141255 140727427141255 140727427141591 0
1466 (containerd-shim) S 1 1466 629 0 -1 1077936128 2210 11443 147 622 109 2 4 9 20 0 12 0 2642 729235456 963 18446744073709551615 4194304 8722262 140735425967440 0 0 0 1002055680 0 2143420159 0 0 0 17 0 0 0 0 0 0 13590528 13773072 28614656 140735425969640 140735425969799 140735425969799 140735425970135 0
15 (migration/0) S 2 0 0 0 -1 69238848 0 0 0 0 2 0 0 0 -100 0 1 0 15 0 0 18446744073709551615 0 0 0 0 0 0 0 2147483647 0 1 0 0 17 0 99 1 0 0 0 0 0 0 0 0 0 0 0
153 (cryptd) I 2 0 0 0 -1 69238880 0 0 0 0 0 0 0 0 0 -20 1 0 100 0 0 18446744073709551615 0 0 0 0 0 0 0 2147483647 0 1 0 0 17 0 0 0 0 0 0 0 0 0 0 0 0 0 0
1538 (registry) S 1465 1538 1538 0 -1 1077936384 3243 0 320 0 29 21 0 0 20 0 8 0 2700 125456384 1570 18446744073709551615 4194304 13092360 140728956068720 0 0 0 0 0 2143420159 0 0 0 17 0 0 0 0 0 0 23928832 24273568 47751168 140728956071754 140728956071801 140728956071801 140728956071914 0
1548 (registry) S 1466 1548 1548 0 -1 4194560 2559 0 161 0 15 6 0 0 20 0 6 0 2702 124014592 931 18446744073709551615 4194304 13092360 140729761035568 0 0 0 0 0 2143420159 0 0 0 17 0 0 0 0 0 0 23928832 24273568 45539328 140729761038154 140729761038201 140729761038201 140729761038314 0
16 (idle_inject/0) S 2 0 0 0 -1 69238848 0 0 0 0 0 0 0 0 -51 0 1 0 15 0 0 18446744073709551615 0 0 0 0 0 0 0 2147483647 0 1 0 0 17 0 50 1 0 0 0 0 0 0 0 0 0 0 0
167 (mpt_poll_0) I 2 0 0 0 -1 69238880 0 0 0 0 0 0 0 0 0 -20 1 0 103 0 0 18446744073709551615 0 0 0 0 0 0 0 2147483647 0 1 0 0 17 0 0 0 0 0 0 0 0 0 0 0 0 0 0
169 (mpt/0) I 2 0 0 0 -1 69238880 0 0 0 0 0 0 0 0 0 -20 1 0 103 0 0 18446744073709551615 0 0 0 0 0 0 0 2147483647 0 1 0 0 17 0 0 0 0 0 0 0 0 0 0 0 0 0 0
17 (cpuhp/0) S 2 0 0 0 -1 69238848 0 0 0 0 0 0 0 0 20 0 1 0 15 0 0 18446744073709551615 0 0 0 0 0 0 0 2147483647 0 1 0 0 17 0 0 0 0 0 0 0 0 0 0 0 0 0 0
18 (kdevtmpfs) S 2 0 0 0 -1 2130240 0 0 0 0 0 0 0 0 20 0 1 0 16 0 0 18446744073709551615 0 0 0 0 0 0 0 2147483647 0 1 0 0 17 0 0 0 0 0 0 0 0 0 0 0 0 0 0
1852 (VBoxService) S 1 1850 1850 0 -1 1077936192 179 0 2 0 3 53 0 0 20 0 9 0 3265 301473792 647 18446744073709551615 4194304 5865036 140727476652768 0 0 0 8192 0 65536 0 0 0 17 0 0 0 0 0 0 6917608 6936456 17145856 140727476657878 140727476657938 140727476657938 140727476658146 0
189 (scsi_eh_2) S 2 0 0 0 -1 2129984 0 0 0 0 0 0 0 0 20 0 1 0 137 0 0 18446744073709551615 0 0 0 0 0 0 0 2147483647 0 1 0 0 17 0 0 0 0 0 0 0 0 0 0 0 0 0 0
19 (inet_frag_wq) I 2 0 0 0 -1 69238880 0 0 0 0 0 0 0 0 0 -20 1 0 16 0 0 18446744073709551615 0 0 0 0 0 0 0 2147483647 0 1 0 0 17 0 0 0 0 0 0 0 0 0 0 0 0 0 0
190 (scsi_tmf_2) I 2 0 0 0 -1 69238880 0 0 0 0 0 0 0 0 0 -20 1 0 137 0 0 18446744073709551615 0 0 0 0 0 0 0 2147483647 0 1 0 0 17 0 0 0 0 0 0 0 0 0 0 0 0 0 0
2 (kthreadd) S 0 0 0 0 -1 2129984 0 0 0 0 0 0 0 0 20 0 1 0 4 0 0 18446744073709551615 0 0 0 0 0 0 0 2147483647 0 1 0 0 0 0 0 0 0 0 0 0 0 0 0 0 0 0 0
20 (kauditd) S 2 0 0 0 -1 1075839040 0 0 0 0 0 0 0 0 20 0 1 0 17 0 0 18446744073709551615 0 0 0 0 0 0 0 2147483647 0 1 0 0 17 0 0 0 0 0 0 0 0 0 0 0 0 0 0
2069 (kworker/0:1-mpt_poll_0) I 2 0 0 0 -1 69238880 0 0 0 0 9 48 0 0 20 0 1 0 33958 0 0 18446744073709551615 0 0 0 0 0 0 0 2147483647 0 1 0 0 17 0 0 0 0 0 0 0 0 0 0 0 0 0 0
21 (khungtaskd) S 2 0 0 0 -1 2129984 0 0 0 0 0 0 0 0 20 0 1 0 19 0 0 18446744073709551615 0 0 0 0 0 0 0 2147483647 0 1 0 0 17 0 0 0 0 0 0 0 0 0 0 0 0 0 0
2177 (sshd) S 673 2177 2177 0 -1 4194560 940 18730 57 238 0 0 28 3 20 0 1 0 55485 17321984 1357 18446744073709551615 94031510478848 94031511039553 140724273127040 0 0 0 0 16781312 16387 1 0 0 17 0 0 0 0 0 0 94031511338864 94031511352816 94031511613440 140724273135319 140724273135340 140724273135340 140724273135593 0
2180 (systemd) S 1 2180 2180 0 -1 4194560 1347 1223 19 24 3 1 0 0 20 0 1 0 55493 17489920 1641 18446744073709551615 94165755052032 94165755965885 140726669298816 0 0 0 671173123 4096 0 1 0 0 17 0 0 0 0 0 0 94165756362384 94165756682524 94165772255232 140726669303441 140726669303469 140726669303469 140726669303779 0
2182 ((sd-pam)) S 2180 2180 2180 0 -1 1077936448 52 0 0 0 0 0 0 0 20 0 1 0 55494 174489600 1235 18446744073709551615 94797374324736 94797375238589 140725804690848 0 0 0 0 4096 0 1 0 0 17 0 0 0 0 0 0 94797375635088 94797375955228 94797395484672 140160033296384 140160033296393 140725804699432 140725804699629 0
22 (oom_reaper) S 2 0 0 0 -1 1075871808 0 0 0 0 0 0 0 0 20 0 1 0 19 0 0 18446744073709551615 0 0 0 0 0 0 0 2147483647 0 1 0 0 17 0 0 0 0 0 0 0 0 0 0 0 0 0 0
222 (raid5wq) I 2 0 0 0 -1 69238880 0 0 0 0 0 0 0 0 0 -20 1 0 259 0 0 18446744073709551615 0 0 0 0 0 0 0 2147483647 0 1 0 0 17 0 0 0 0 0 0 0 0 0 0 0 0 0 0
2242 (sshd) R 2177 2177 2177 0 -1 4194624 465 0 30 0 4 61 0 0 20 0 1 0 55562 17850368 1005 18446744073709551615 94031510478848 94031511039553 140724273127040 0 0 0 0 4096 65536 0 0 0 17 0 0 0 0 0 0 94031511338864 94031511352816 94031511613440 140724273135319 140724273135340 140724273135340 140724273135593 0
2243 (bash) S 2242 2243 2243 34816 3106 4194304 6432 99885 69 1485 3 4 555 110 20 0 1 0 55563 9621504 1047 18446744073709551615 94323194339328 94323195252493 140723617688432 0 0 0 65536 3686404 1266761467 1 0 0 17 0 0 0 0 0 0 94323195497136 94323195545168 94323228643328 140723617689123 140723617689129 140723617689129 140723617689582 0
23 (writeback) I 2 0 0 0 -1 69238880 0 0 0 0 0 0 0 0 0 -20 1 0 19 0 0 18446744073709551615 0 0 0 0 0 0 0 2147483647 0 1 0 0 17 0 0 0 0 0 0 0 0 0 0 0 0 0 0
24 (kcompactd0) S 2 0 0 0 -1 1075839040 0 0 0 0 0 48 0 0 20 0 1 0 19 0 0 18446744073709551615 0 0 0 0 0 0 0 2147483647 0 1 0 0 17 0 0 0 0 0 0 0 0 0 0 0 0 0 0
2403 (packagekitd) S 1 2403 2403 0 -1 4194560 1464 146 205 0 0 4 0 0 20 0 3 0 60817 303042560 1937 18446744073709551615 93895625940992 93895626100393 140724462608976 0 0 0 0 4096 2 0 0 0 17 0 0 0 0 0 0 93895626190496 93895626195016 93895642300416 140724462616289 140724462616314 140724462616314 140724462616543 0
25 (ksmd) S 2 0 0 0 -1 1075839040 0 0 0 0 0 0 0 0 25 5 1 0 19 0 0 18446744073709551615 0 0 0 0 0 0 0 2147483647 0 1 0 0 17 0 0 0 0 0 0 0 0 0 0 0 0 0 0
270 (jbd2/sda1-8) S 2 0 0 0 -1 2359360 0 0 0 0 0 13 0 0 20 0 1 0 267 0 0 18446744073709551615 0 0 0 0 0 0 0 2147483647 0 1 0 0 17 0 0 0 0 0 0 0 0 0 0 0 0 0 0
271 (ext4-rsv-conver) I 2 0 0 0 -1 69238880 0 0 0 0 0 0 0 0 0 -20 1 0 267 0 0 18446744073709551615 0 0 0 0 0 0 0 2147483647 0 1 0 0 17 0 0 0 0 0 0 0 0 0 0 0 0 0 0
3 (rcu_gp) I 2 0 0 0 -1 69238880 0 0 0 0 0 0 0 0 0 -20 1 0 15 0 0 18446744073709551615 0 0 0 0 0 0 0 2147483647 0 1 0 0 17 0 0 0 0 0 0 0 0 0 0 0 0 0 0
3106 (sudo) S 2243 3106 2243 34816 3106 4194560 462 0 4 0 6 12 0 0 20 0 1 0 95752 12177408 780 18446744073709551615 93852084441088 93852084589974 140732023233456 0 0 0 0 3149824 134834695 1 0 0 17 0 0 0 0 0 0 93852084640768 93852084650616 93852117258240 140732023236479 140732023236489 140732023236489 140732023238634 0
3107 (sudo) S 3106 3107 3107 34817 4693 4194368 62 0 0 0 0 0 0 0 20 0 1 0 95753 12177408 222 18446744073709551615 93852084441088 93852084589974 140732023233456 0 0 0 0 3149824 616967 1 0 0 17 0 0 0 0 0 0 93852084640768 93852084650616 93852117258240 140732023236479 140732023236489 140732023236489 140732023238634 0
3108 (su) S 3107 3108 3107 34817 4693 4194560 364 0 6 0 0 0 0 0 20 0 1 0 95753 10874880 589 18446744073709551615 94123498213376 94123498239590 140727355301264 0 0 0 2147196671 0 16384 1 0 0 17 0 0 0 0 0 0 94123498256448 94123498258448 94123526111232 140727355304188 140727355304193 140727355304193 140727355305964 0
3109 (bash) S 3108 3109 3107 34817 4693 4194560 7650 469421 55 8988 9 1 1966 498 20 0 1 0 95755 9572352 1309 18446744073709551615 94210675875840 94210676789005 140725933578576 0 0 0 65536 3686404 1266761467 1 0 0 17 0 0 0 0 0 0 94210677033648 94210677081680 94210694270976 140725933584153 140725933584159 140725933584159 140725933584366 0
344 (systemd-journal) S 1 344 344 0 -1 4194560 1662 0 70179 0 214 159 0 0 19 -1 1 0 315 236457984 9769 18446744073709551615 94009044836352 94009044929601 140725772395648 0 0 0 18946 4096 64 1 0 0 17 0 0 0 0 0 0 94009044966096 94009044971540 94009050030080 140725772398100 140725772398130 140725772398130 140725772398554 0
366 (ipmi-msghandler) I 2 0 0 0 -1 69238880 0 0 0 0 0 0 0 0 0 -20 1 0 329 0 0 18446744073709551615 0 0 0 0 0 0 0 2147483647 0 1 0 0 17 0 0 0 0 0 0 0 0 0 0 0 0 0 0
371 (kaluad) I 2 0 0 0 -1 69238880 0 0 0 0 0 0 0 0 0 -20 1 0 339 0 0 18446744073709551615 0 0 0 0 0 0 0 2147483647 0 1 0 0 17 0 0 0 0 0 0 0 0 0 0 0 0 0 0
374 (kmpath_rdacd) I 2 0 0 0 -1 69238880 0 0 0 0 0 0 0 0 0 -20 1 0 342 0 0 18446744073709551615 0 0 0 0 0 0 0 2147483647 0 1 0 0 17 0 0 0 0 0 0 0 0 0 0 0 0 0 0
375 (kmpathd) I 2 0 0 0 -1 69238880 0 0 0 0 0 0 0 0 0 -20 1 0 342 0 0 18446744073709551615 0 0 0 0 0 0 0 2147483647 0 1 0 0 17 0 0 0 0 0 0 0 0 0 0 0 0 0 0
377 (kmpath_handlerd) I 2 0 0 0 -1 69238880 0 0 0 0 0 0 0 0 0 -20 1 0 343 0 0 18446744073709551615 0 0 0 0 0 0 0 2147483647 0 1 0 0 17 0 0 0 0 0 0 0 0 0 0 0 0 0 0
3806 (kworker/u2:0-flush-8:0) I 2 0 0 0 -1 69238880 0 0 0 0 0 21 0 0 20 0 1 0 162582 0 0 18446744073709551615 0 0 0 0 0 0 0 2147483647 0 1 0 0 17 0 0 0 0 0 0 0 0 0 0 0 0 0 0
381 (multipathd) S 1 381 381 0 -1 1077936384 5089 0 16 0 6 24 0 0 -100 0 7 0 344 363405312 6776 18446744073709551615 94038055665664 94038055744550 140726171554512 0 0 0 2147217151 0 23043 0 0 0 17 0 99 2 0 0 0 94038055777280 94038055780404 94038056587264 140726171561661 140726171561684 140726171561684 140726171561959 0
384 (systemd-udevd) S 1 384 384 0 -1 4194560 3446 48015 23 108 12 7 37 32 20 0 1 0 349 23855104 1048 18446744073709551615 94331973627904 94331974271005 140722863485808 0 0 0 81923 4096 0 1 0 0 17 0 0 0 0 0 0 94331974534248 94331974675200 94331988488192 140722863492703 140722863492730 140722863492730 140722863493085 0
4 (rcu_par_gp) I 2 0 0 0 -1 69238880 0 0 0 0 0 0 0 0 0 -20 1 0 15 0 0 18446744073709551615 0 0 0 0 0 0 0 2147483647 0 1 0 0 17 0 0 0 0 0 0 0 0 0 0 0 0 0 0
4421 (kworker/0:0-cgroup_destroy) I 2 0 0 0 -1 69238880 0 0 0 0 0 0 0 0 20 0 1 0 283310 0 0 18446744073709551615 0 0 0 0 0 0 0 2147483647 0 1 0 0 17 0 0 0 0 0 0 0 0 0 0 0 0 0 0
4433 (kworker/u2:3-events_unbound) I 2 0 0 0 -1 69238880 0 0 0 0 0 6 0 0 20 0 1 0 283583 0 0 18446744073709551615 0 0 0 0 0 0 0 2147483647 0 1 0 0 17 0 0 0 0 0 0 0 0 0 0 0 0 0 0
462 (iprt-VBoxWQueue) I 2 0 0 0 -1 69238880 0 0 0 0 0 0 0 0 0 -20 1 0 424 0 0 18446744073709551615 0 0 0 0 0 0 0 2147483647 0 1 0 0 17 0 0 0 0 0 0 0 0 0 0 0 0 0 0
4622 (kworker/u2:1-events_unbound) I 2 0 0 0 -1 69238880 0 0 0 0 1 0 0 0 20 0 1 0 320482 0 0 18446744073709551615 0 0 0 0 0 0 0 2147483647 0 1 0 0 17 0 0 0 0 0 0 0 0 0 0 0 0 0 0
5 (netns) I 2 0 0 0 -1 69238880 0 0 0 0 0 0 0 0 0 -20 1 0 15 0 0 18446744073709551615 0 0 0 0 0 0 0 2147483647 0 1 0 0 17 0 0 0 0 0 0 0 0 0 0 0 0 0 0
503 (systemd-network) S 1 503 503 0 -1 4194560 776 0 34 0 2 5 0 0 20 0 1 0 448 16637952 1262 18446744073709551615 94339811241984 94339811952641 140722627446352 0 0 0 18434 4096 0 1 0 0 17 0 0 0 0 0 0 94339812286896 94339812663320 94339814649856 140722627448342 140722627448372 140722627448372 140722627448794 0
508 (systemd-resolve) S 1 508 508 0 -1 4194560 1615 0 65 0 7 6 0 0 20 0 1 0 454 26001408 1990 18446744073709551615 93827895197696 93827895512257 140733973811792 0 0 0 18946 4096 0 1 0 0 17 0 0 0 0 0 0 93827895629680 93827895644224 93827898863616 140733973818967 140733973818997 140733973818997 140733973819354 0
610 (apt-cacher-ng) S 1 610 610 0 -1 4194560 1125 0 82 0 19 130 0 0 20 0 3 0 1885 179347456 1229 18446744073709551615 93938600513536 93938600531424 140728723202848 0 0 0 0 4096 285231686 0 0 0 17 0 0 0 0 0 0 93938600536768 93938600538136 93938610671616 140728723209864 140728723209923 140728723209923 140728723210208 0
612 (dbus-daemon) S 1 612 612 0 -1 4194560 447 0 13 0 35 11 0 0 20 0 1 0 1886 9076736 1071 18446744073709551615 94645027680256 94645027820653 140730362052592 0 0 0 0 4096 16385 1 0 0 17 0 0 0 0 0 0 94645027871376 94645027877856 94645034528768 140730362060410 140730362060507 140730362060507 140730362060771 0
619 (networkd-dispat) S 1 619 619 0 -1 4194560 2677 1495 54 20 6 2 1 0 20 0 1 0 1890 33927168 3520 18446744073709551615 94110855032832 94110857852973 140724035222896 0 0 0 0 16781312 2 1 0 0 17 0 0 0 0 0 0 94110860208240 94110860492728 94110880985088 140724035227280 140724035227349 140724035227349 140724035227611 0
620 (polkitd) S 1 620 620 0 -1 4194560 484 0 52 0 1 1 0 0 20 0 3 0 1890 240111616 929 18446744073709551615 94141796868096 94141796927221 140723390458224 0 0 0 2 4096 0 0 0 0 17 0 0 0 0 0 0 94141796959120 94141796962608 94141824991232 140723390459663 140723390459695 140723390459695 140723390459875 0
621 (rsyslogd) S 1 621 621 0 -1 4194560 772 0 26 0 65 106 0 0 20 0 4 0 1891 227737600 1221 18446744073709551615 94167310630912 94167311069773 140735351058976 0 0 0 0 16781830 3227649 0 0 0 17 0 0 0 0 0 0 94167311287888 94167311328080 94167314096128 140735351062224 140735351062253 140735351062253 140735351062501 0
623 (snapd) S 1 623 623 0 -1 1077936384 8044 4835 807 49 31 279 4 13 20 0 9 0 1891 744202240 4953 18446744073709551615 94082783248384 94082802650396 140733473618704 0 0 0 1006254592 0 2143420159 0 0 0 17 0 0 0 0 0 0 94082804749960 94082817483616 94082838765568 140733473623643 140733473623664 140733473623664 140733473624016 0
625 (systemd-logind) S 1 625 625 0 -1 4194560 655 0 17 0 6 5 0 0 20 0 1 0 1892 24092672 1118 18446744073709551615 94690391384064 94690391522253 140728613607776 0 0 0 81923 4096 0 1 0 0 17 0 0 0 0 0 0 94690391588624 94690391605328 94690401644544 140728613608992 140728613609020 140728613609020 140728613609436 0
626 (udisksd) S 1 626 626 0 -1 4194560 2526 1703 93 28 7 6 1 0 20 0 5 0 1893 401854464 1331 18446744073709551615 94041523097600 94041523384269 140722520160160 0 0 0 0 4096 2 0 0 0 17 0 0 0 0 0 0 94041523503864 94041523516024 94041554202624 140722520162058 140722520162087 140722520162087 140722520162267 0
629 (containerd) S 1 629 629 0 -1 1077936384 6275 1216 1065 163 92 64 0 1 20 0 7 0 1895 1237553152 4883 18446744073709551615 94887073595392 94887093013949 140725143620288 0 0 0 1002055680 0 2143420159 0 0 0 17 0 0 0 0 0 0 94887095548912 94887114081600 94887136927744 140725143621370 140725143621390 140725143621390 140725143621604 0
632 (cron) S 1 632 632 0 -1 1077936384 248 546 2 40 0 0 0 0 20 0 1 0 1896 7458816 599 18446744073709551615 93834157666304 93834157692237 140736850456176 0 0 0 0 0 65537 1 0 0 17 0 0 0 0 0 0 93834157705552 93834157707496 93834182262784 140736850464544 140736850464565 140736850464565 140736850464745 0
639 (agetty) S 1 639 639 1088 639 4194560 205 0 1 0 0 0 0 0 20 0 1 0 1899 6365184 223 18446744073709551615 94478793842688 94478793869174 140729876539760 0 0 0 0 6 0 1 0 0 17 0 0 0 0 0 0 94478793885696 94478793888972 94478804307968 140729876541155 140729876541228 140729876541228 140729876541419 0
641 (agetty) S 1 641 641 1025 641 4194560 192 0 2 0 0 0 0 0 20 0 1 0 1900 6320128 237 18446744073709551615 94308131950592 94308131977078 140729166553216 0 0 0 0 6 0 1 0 0 17 0 0 0 0 0 0 94308131993600 94308131996876 94308139851776 140729166561035 140729166561081 140729166561081 140729166561259 0
671 (ModemManager) S 1 671 671 0 -1 4194560 1023 0 92 0 4 2 0 0 20 0 3 0 1916 324546560 1217 18446744073709551615 94292334956544 94292336036054 140724410996064 0 0 0 0 4096 16386 0 0 0 17 0 0 0 0 0 0 94292336587352 94292336624108 94292341755904 140724411002598 140724411002621 140724411002621 140724411002849 0
673 (sshd) S 1 673 673 0 -1 4194560 777 139081 14 521 0 0 124 71 20 0 1 0 1924 15790080 1050 18446744073709551615 94333126918144 94333127478849 140723182397184 0 0 0 0 4096 81925 1 0 0 17 0 0 0 0 0 0 94333127778160 94333127792112 94333160820736 140723182403290 140723182403308 140723182403308 140723182403561 0
7 (kworker/0:0H-events_highpri) I 2 0 0 0 -1 69238880 0 0 0 0 0 0 0 0 0 -20 1 0 15 0 0 18446744073709551615 0 0 0 0 0 0 0 2147483647 0 1 0 0 17 0 0 0 0 0 0 0 0 0 0 0 0 0 0
707 (unattended-upgr) S 1 707 707 0 -1 4194560 2546 0 28 0 3 1 0 0 20 0 2 0 1950 112730112 3111 18446744073709551615 94345490567168 94345493387309 140736601364288 0 0 0 0 16781312 16387 0 0 0 17 0 0 0 0 0 0 94345495742576 94345496027064 94345507733504 140736601370283 140736601370377 140736601370377 140736601370557 0
71 (kintegrityd) I 2 0 0 0 -1 69238880 0 0 0 0 0 0 0 0 0 -20 1 0 19 0 0 18446744073709551615 0 0 0 0 0 0 0 2147483647 0 1 0 0 17 0 0 0 0 0 0 0 0 0 0 0 0 0 0
72 (kblockd) I 2 0 0 0 -1 69238880 0 0 0 0 0 0 0 0 0 -20 1 0 19 0 0 18446744073709551615 0 0 0 0 0 0 0 2147483647 0 1 0 0 17 0 0 0 0 0 0 0 0 0 0 0 0 0 0
73 (blkcg_punt_bio) I 2 0 0 0 -1 69238880 0 0 0 0 0 0 0 0 0 -20 1 0 19 0 0 18446744073709551615 0 0 0 0 0 0 0 2147483647 0 1 0 0 17 0 0 0 0 0 0 0 0 0 0 0 0 0 0
74 (tpm_dev_wq) I 2 0 0 0 -1 69238880 0 0 0 0 0 0 0 0 0 -20 1 0 28 0 0 18446744073709551615 0 0 0 0 0 0 0 2147483647 0 1 0 0 17 0 0 0 0 0 0 0 0 0 0 0 0 0 0
75 (ata_sff) I 2 0 0 0 -1 69238880 0 0 0 0 0 0 0 0 0 -20 1 0 29 0 0 18446744073709551615 0 0 0 0 0 0 0 2147483647 0 1 0 0 17 0 0 0 0 0 0 0 0 0 0 0 0 0 0
755 (dockerd) S 1 755 755 0 -1 1077936384 9693 31415 1066 530 51 26 23 11 20 0 12 0 2030 1441968128 7269 18446744073709551615 94596089798656 94596114900781 140723883858800 0 0 0 1002055680 0 2143420159 0 0 0 17 0 0 0 0 0 0 94596118525584 94596144247392 94596149436416 140723883863697 140723883863768 140723883863768 140723883864039 0
76 (md) I 2 0 0 0 -1 69238880 0 0 0 0 0 0 0 0 0 -20 1 0 30 0 0 18446744073709551615 0 0 0 0 0 0 0 2147483647 0 1 0 0 17 0 0 0 0 0 0 0 0 0 0 0 0 0 0
77 (edac-poller) I 2 0 0 0 -1 69238880 0 0 0 0 0 0 0 0 0 -20 1 0 30 0 0 18446744073709551615 0 0 0 0 0 0 0 2147483647 0 1 0 0 17 0 0 0 0 0 0 0 0 0 0 0 0 0 0
78 (devfreq_wq) I 2 0 0 0 -1 69238880 0 0 0 0 0 0 0 0 0 -20 1 0 30 0 0 18446744073709551615 0 0 0 0 0 0 0 2147483647 0 1 0 0 17 0 0 0 0 0 0 0 0 0 0 0 0 0 0
79 (watchdogd) S 2 0 0 0 -1 2129984 0 0 0 0 0 0 0 0 -51 0 1 0 31 0 0 18446744073709551615 0 0 0 0 0 0 0 2147483647 0 1 0 0 17 0 50 1 0 0 0 0 0 0 0 0 0 0 0
81 (kworker/0:1H-kblockd) I 2 0 0 0 -1 69238880 0 0 0 0 0 44 0 0 0 -20 1 0 33 0 0 18446744073709551615 0 0 0 0 0 0 0 2147483647 0 1 0 0 17 0 0 0 0 0 0 0 0 0 0 0 0 0 0
83 (kswapd0) S 2 0 0 0 -1 10618944 0 0 0 0 0 261 0 0 20 0 1 0 37 0 0 18446744073709551615 0 0 0 0 0 0 0 2147483647 0 1 0 0 17 0 0 0 0 0 0 0 0 0 0 0 0 0 0
84 (ecryptfs-kthrea) S 2 0 0 0 -1 1075839040 0 0 0 0 0 0 0 0 20 0 1 0 38 0 0 18446744073709551615 0 0 0 0 0 0 0 2147483647 0 1 0 0 17 0 0 0 0 0 0 0 0 0 0 0 0 0 0
86 (kthrotld) I 2 0 0 0 -1 69238880 0 0 0 0 0 0 0 0 0 -20 1 0 40 0 0 18446744073709551615 0 0 0 0 0 0 0 2147483647 0 1 0 0 17 0 0 0 0 0 0 0 0 0 0 0 0 0 0
87 (acpi_thermal_pm) I 2 0 0 0 -1 69238880 0 0 0 0 0 0 0 0 0 -20 1 0 42 0 0 18446744073709551615 0 0 0 0 0 0 0 2147483647 0 1 0 0 17 0 0 0 0 0 0 0 0 0 0 0 0 0 0
89 (scsi_eh_0) S 2 0 0 0 -1 2129984 0 0 0 0 0 1 0 0 20 0 1 0 50 0 0 18446744073709551615 0 0 0 0 0 0 0 2147483647 0 1 0 0 17 0 0 0 0 0 0 0 0 0 0 0 0 0 0
90 (scsi_tmf_0) I 2 0 0 0 -1 69238880 0 0 0 0 0 0 0 0 0 -20 1 0 50 0 0 18446744073709551615 0 0 0 0 0 0 0 2147483647 0 1 0 0 17 0 0 0 0 0 0 0 0 0 0 0 0 0 0
91 (scsi_eh_1) S 2 0 0 0 -1 2129984 0 0 0 0 0 1 0 0 20 0 1 0 50 0 0 18446744073709551615 0 0 0 0 0 0 0 2147483647 0 1 0 0 17 0 0 0 0 0 0 0 0 0 0 0 0 0 0
92 (scsi_tmf_1) I 2 0 0 0 -1 69238880 0 0 0 0 0 0 0 0 0 -20 1 0 50 0 0 18446744073709551615 0 0 0 0 0 0 0 2147483647 0 1 0 0 17 0 0 0 0 0 0 0 0 0 0 0 0 0 0
94 (vfio-irqfd-clea) I 2 0 0 0 -1 69238880 0 0 0 0 0 0 0 0 0 -20 1 0 51 0 0 18446744073709551615 0 0 0 0 0 0 0 2147483647 0 1 0 0 17 0 0 0 0 0 0 0 0 0 0 0 0 0 0
95 (mld) I 2 0 0 0 -1 69238880 0 0 0 0 0 0 0 0 0 -20 1 0 61 0 0 18446744073709551615 0 0 0 0 0 0 0 2147483647 0 1 0 0 17 0 0 0 0 0 0 0 0 0 0 0 0 0 0
96 (ipv6_addrconf) I 2 0 0 0 -1 69238880 0 0 0 0 0 0 0 0 0 -20 1 0 61 0 0 18446744073709551615 0 0 0 0 0 0 0 2147483647 0 1 0 0 17 0 0 0 0 0 0 0 0 0 0 0 0 0 0
97 (kworker/u2:4-ext4-rsv-conversion) I 2 0 0 0 -1 69238880 0 2098 0 12 0 42 2 0 20 0 1 0 61 0 0 18446744073709551615 0 0 0 0 0 0 0 2147483647 0 1 0 0 17 0 0 0 0 0 0 0 0 0 0 0 0 0 0
